[9, 4, 2, 1]
[9, 5, 2, 1]
[9, 4, 3, 1]
[9, 4, 2]
[9, 5, 2]
[9, 4, 3, 2]
[9, 4, 3]
[9, 5, 3]
[9, 4, 2, 3]
[10, 4, 2, 1]
[10, 5, 3, 1]
[10, 4, 3, 1]
[10, 4, 2]
[10, 5, 2]
[10, 4, 3, 2]
[10, 4, 3]
[10, 5, 3]
[10, 4, 2, 3]
[11, 5, 3, 1]
[11, 6, 2, 1]
[11, 5, 2, 1]
[11, 5, 2]
[11, 6, 2]
[11, 5, 3, 2]
[11, 5, 3]
[11, 6, 3]
[11, 5, 2, 3]
[12, 6, 2, 1]
[12, 7, 2, 1]
[12, 6, 3, 1]
[12, 6, 2]
[12, 7, 2]
[12, 6, 3, 2]
[12, 6, 3]
[12, 7, 3]
[12, 6, 2, 3]
[13, 5, 3, 1]
[13, 6, 3, 1]
[13, 5, 2, 1]
[13, 5, 2]
[13, 6, 2]
[13, 5, 3, 2]
[13, 5, 3]
[13, 6, 3]
[13, 5, 2, 3]
[14, 7, 2, 1]
[14, 8, 2, 1]
[14, 7, 3, 1]
[14, 7, 2]
[14, 8, 2]
[14, 7, 3, 2]
[14, 7, 3]
[14, 8, 3]
[14, 7, 2, 3]
[15, 7, 2, 1]
[15, 8, 2, 1]
[15, 7, 3, 1]
[15, 7, 2]
[15, 8, 2]
[15, 7, 3, 2]
[15, 7, 3]
[15, 8, 3]
[15, 7, 2, 3]
[16, 6, 2, 1]
[16, 8, 2, 1]
[16, 6, 3, 1]
[16, 6, 2]
[16, 8, 2]
[16, 6, 3, 2]
[16, 6, 3]
[16, 8, 3]
[16, 6, 2, 3]
